Stationsindex;Datum;VGSL;VPGB;VPGH;TS05;TS10;TS20;TS50;TS100;ZFUMI;BF10;BF20;BF30;BF40;BF50;BF60;BFGSL;BFGLS;TSLS05;TSSL05;ZTKMI;ZTUMI;VPGPM;VPMB;VPWB;VPZB;VGLS;VWLS;VWSL;BFWLS;BFWSL;eor
         5906;20220101;    0.4;    0.4;    0.7;    9.3;    9.2;    8.9;    7.8;    7.4;    0;  102;  104;  103;  106;  106;  105;  104;  107;    9.2;    9.3;    0;    0;    0.3;    0.4;    0.4;    0.4;    0.4;    0.4;    0.4;  109;  106;eor                                                            
         5906;20220102;    0.7;    0.7;    0.8;    8.0;    8.0;    8.1;    7.9;    7.6;    0;  100;  103;  103;  103;  104;  105;  103;  105;    7.9;    8.0;    0;    0;    0.9;    0.7;    0.8;    0.7;    0.7;    0.7;    0.8;  106;  104;eor                                                            
         5906;20220103;    1.1;    1.1;    0.9;    8.6;    8.5;    8.3;    7.9;    7.8;    0;  109;  110;  108;  106;  105;  105;  107;  111;    8.5;    8.6;    0;    0;    1.0;    0.8;    1.0;    0.8;    1.1;    1.0;    1.0;  113;  108;eor                                                            
         5906;20220104;    0.3;    0.3;    0.1;    7.9;    8.1;    8.3;    8.1;    8.0;    0;  111;  118;  121;  123;  122;  118;  119;  134;    7.9;    7.9;    0;    0;    0.5;    0.2;    0.3;    0.2;    0.3;    0.3;    0.3;  136;  119;eor                                                            
         5906;20220105;    1.0;    1.0;    0.6;    4.6;    5.4;    6.6;    7.9;    8.1;    0;  106;  111;  116;  118;  120;  119;  115;  128;    4.2;    4.6;    0;    0;    0.8;    0.7;    0.8;    0.7;    1.0;    0.8;    0.8;  131;  116;eor                                                            
         5906;20220106;    0.3;    0.3;    0.6;    3.5;    4.1;    5.3;    7.4;    8.2;    0;  103;  107;  111;  114;  117;  117;  112;  122;    3.1;    3.4;    0;    0;    0.3;    0.4;    0.4;    0.4;    0.3;    0.4;    0.4;  124;  112;eor                                                            
         5906;20220107;    0.2;    0.2;    0.2;    1.8;    2.5;    3.9;    6.7;    8.1;    0;  104;  103;  107;  111;  113;  115;  109;  117;    1.6;    1.7;    0;    0;    0.4;    0.2;    0.3;    0.2;    0.2;    0.3;    0.3;  119;  110;eor                                                            
         5906;20220108;    0.8;    0.8;    0.4;    2.9;    3.2;    3.9;    6.2;    8.0;    0;  106;  106;  107;  108;  111;  113;  109;  116;    2.6;    2.8;    0;    0;    0.6;    0.5;    0.6;    0.5;    0.8;    0.6;    0.6;  118;  110;eor                                                            
         5906;20220109;    1.1;    1.1;    0.6;    4.4;    4.4;    4.6;    5.9;    7.9;    0;  104;  105;  106;  107;  109;  111;  107;  112;    4.1;    4.3;    0;    0;    0.6;    0.7;    0.8;    0.7;    1.1;    0.8;    0.8;  115;  108;eor                                                            
         5906;20220110;    0.4;    0.4;    0.5;    3.9;    4.2;    4.6;    5.9;    7.7;    0;  102;  104;  103;  105;  107;  109;  105;  108;    3.7;    3.9;    0;    0;    0.1;    0.4;    0.4;    0.4;    0.4;    0.4;    0.4;  111;  106;eor                                                            
         5906;20220111;    0.3;    0.3;    0.3;    2.9;    3.2;    4.1;    5.8;    7.6;    0;  101;  104;  103;  102;  105;  107;  104;  106;    2.6;    2.9;    0;    0;    0.4;    0.3;    0.4;    0.3;    0.3;    0.4;    0.4;  108;  105;eor                                                            
         5906;20220112;    0.4;    0.4;    0.7;    2.8;    3.1;    3.9;    5.6;    7.5;    0;  100;  103;  103;  103;  102;  104;  103;  104;    2.5;    2.7;    0;    0;    0.1;    0.4;    0.4;    0.4;    0.4;    0.4;    0.4;  105;  103;eor                                                            
         5906;20220113;    0.3;    0.3;    0.4;    1.7;    2.2;    3.2;    5.4;    7.4;    0;   99;  102;  103;  103;  102;  102;  102;  103;    1.4;    1.7;    0;    0;    0.0;    0.3;    0.3;    0.3;    0.3;    0.3;    0.3;  103;  102;eor                                                            
         5906;20220114;    0.0;    0.0;    0.0;    0.7;    1.3;    2.5;    5.1;    7.2;    0;   99;  102;  103;  103;  102;  102;  102;  103;    0.5;    0.7;    0;    0;    0.2;    0.0;    0.0;    0.0;    0.0;    0.0;    0.0;  102;  102;eor                                                            
         5906;20220115;    0.1;    0.1;    0.1;    0.9;    1.3;    2.2;    4.7;    7.1;    0;   99;  102;  103;  103;  102;  102;  102;  102;    0.7;    0.9;    0;    0;    0.2;    0.1;    0.1;    0.1;    0.1;    0.1;    0.1;  102;  102;eor                                                            
         5906;20220116;    0.2;    0.2;    0.2;    1.2;    1.5;    2.3;    4.4;    6.9;    0;   99;  101;  102;  103;  102;  102;  102;  102;    1.1;    1.2;    0;    0;    0.4;    0.2;    0.2;    0.2;    0.2;    0.2;    0.2;  102;  102;eor                                                            
         5906;20220117;    0.4;    0.4;    0.4;    2.5;    2.5;    2.7;    4.3;    6.7;    0;   98;  101;  102;  102;  102;  102;  101;  101;    2.4;    2.5;    0;    0;    0.5;    0.4;    0.4;    0.4;    0.4;    0.4;    0.4;  102;  102;eor                                                            
         5906;20220118;    0.4;    0.4;    0.7;    3.9;    3.8;    3.7;    4.4;    6.6;    0;   98;  100;  102;  102;  102;  102;  101;  101;    3.9;    3.9;    0;    0;    0.4;    0.4;    0.4;    0.4;    0.3;    0.3;    0.4;  101;  101;eor                                                            
         5906;20220119;    0.4;    0.4;    0.4;    2.5;    2.8;    3.5;    4.6;    6.5;    0;  101;  100;  102;  102;  102;  102;  102;  101;    2.3;    2.5;    0;    0;    0.5;    0.4;    0.4;    0.4;    0.4;    0.4;    0.4;  102;  102;eor                                                            
         5906;20220120;    0.7;    0.7;    0.6;    2.5;    2.8;    3.3;    4.6;    6.4;    0;  103;  100;  102;  102;  102;  102;  102;  102;    2.2;    2.4;    0;    0;    0.6;    0.5;    0.5;    0.5;    0.7;    0.5;    0.5;  103;  103;eor                                                            
         5906;20220121;    0.4;    0.4;    0.5;    1.8;    2.1;    2.8;    4.5;    6.4;    0;  101;  100;  101;  102;  102;  102;  102;  101;    1.7;    1.7;    0;    0;    0.5;    0.4;    0.4;    0.4;    0.4;    0.4;    0.4;  102;  102;eor                                                            
         5906;20220122;    0.3;    0.3;    0.4;    2.8;    2.9;    3.1;    4.4;    6.3;    0;  100;  100;  101;  102;  102;  102;  101;  100;    2.8;    2.8;    0;    0;    0.6;    0.3;    0.4;    0.3;    0.3;    0.3;    0.4;  102;  102;eor                                                            
         5906;20220123;    0.2;    0.2;    0.3;    3.6;    3.6;    3.7;    4.4;    6.3;    0;   99;  100;  101;  102;  102;  102;  101;  100;    3.6;    3.6;    0;    0;    0.4;    0.2;    0.3;    0.2;    0.2;    0.2;    0.3;  101;  102;eor                                                            
         5906;20220124;    0.4;    0.4;    0.7;    2.4;    2.7;    3.3;    4.5;    6.2;    0;   98;  100;  101;  102;  102;  102;  101;   99;    2.2;    2.3;    0;    0;    0.2;    0.4;    0.4;    0.4;    0.4;    0.3;    0.4;  101;  102;eor                                                            
         5906;20220125;    0.0;    0.0;    0.0;    0.5;    1.1;    2.4;    4.4;    6.2;    0;   98;   99;  101;  102;  102;  102;  101;   99;    0.2;    0.5;    0;    0;    0.3;    0.0;    0.0;    0.0;    0.0;    0.0;    0.0;  100;  102;eor                                                            
         5906;20220126;    0.1;    0.1;    0.2;    0.3;    0.7;    1.7;    4.0;    6.1;    0;   97;   99;  101;  102;  102;  102;  101;   98;    0.1;    0.3;    0;    0;    0.4;    0.2;    0.2;    0.2;    0.1;    0.1;    0.1;  100;  101;eor                                                            
         5906;20220127;    0.2;    0.2;    0.2;    0.3;    0.6;    1.5;    3.7;    6.0;    0;   99;   99;  101;  102;  102;  102;  101;   99;    0.1;    0.2;    0;    0;    0.5;    0.2;    0.2;    0.2;    0.2;    0.2;    0.2;  101;  102;eor                                                            
         5906;20220128;    0.6;    0.6;    0.6;    2.2;    2.0;    2.0;    3.5;    5.9;    0;   98;   99;  101;  102;  102;  102;  100;   98;    1.9;    2.2;    0;    0;    0.6;    0.6;    0.6;    0.6;    0.6;    0.5;    0.6;  100;  102;eor                                                            
         5906;20220129;    0.3;    0.4;    0.2;    3.1;    3.0;    3.0;    3.7;    5.8;    0;   97;   98;  100;  101;  102;  102;  100;   97;    3.0;    3.1;    0;    0;    0.6;    0.4;    0.4;    0.4;    0.3;    0.3;    0.4;   99;  101;eor                                                            
         5906;20220130;    1.1;    1.1;    0.8;    4.2;    4.2;    4.0;    4.1;    5.7;    0;   98;   98;  100;  101;  102;  102;  100;   97;    3.9;    4.2;    0;    0;    0.9;    0.8;    0.9;    0.8;    1.1;    0.9;    0.9;  100;  102;eor                                                            
         5906;20220131;    0.9;    0.9;    0.7;    3.3;    3.3;    3.6;    4.3;    5.7;    0;   96;   97;  100;  101;  102;  102;  100;   96;    3.0;    3.2;    0;    0;    1.1;    0.8;    0.8;    0.8;    0.8;    0.7;    0.8;   99;  101;eor                                                            
         5906;20220201;    0.6;    0.6;    0.1;    3.3;    3.4;    3.7;    4.4;    5.7;    0;  101;   97;  100;  101;  102;  102;  100;   97;    3.1;    3.2;    0;    0;    0.8;    0.6;    0.6;    0.6;    0.6;    0.6;    0.6;  101;  102;eor                                                            
         5906;20220202;    1.5;    1.5;    1.0;    6.4;    5.8;    4.9;    4.5;    5.7;    0;  100;   97;   99;  101;  102;  102;  100;   97;    6.3;    6.4;    0;    0;    0.9;    1.1;    1.2;    1.1;    1.5;    1.2;    1.2;  101;  103;eor                                                            
         5906;20220203;    0.6;    0.6;    0.5;    6.9;    6.6;    6.0;    5.1;    5.8;    0;   99;   97;   99;  101;  101;  102;  100;   96;    6.8;    6.9;    0;    0;    0.6;    0.5;    0.6;    0.5;    0.6;    0.6;    0.6;  101;  103;eor                                                            
         5906;20220204;    0.7;    0.7;    0.6;    5.7;    5.8;    5.9;    5.5;    5.9;    0;  103;   97;   99;  100;  101;  102;  101;   97;    5.5;    5.7;    0;    0;    0.9;    0.6;    0.7;    0.6;    0.7;    0.7;    0.7;  103;  103;eor                                                            
         5906;20220205;    0.7;    0.7;    0.6;    3.6;    4.0;    4.7;    5.5;    6.0;    0;  101;   97;   99;  100;  101;  102;  100;   97;    3.1;    3.5;    0;    0;    0.7;    0.7;    0.7;    0.7;    0.6;    0.7;    0.7;  102;  103;eor                                                            
         5906;20220206;    1.0;    1.0;    0.3;    4.3;    4.3;    4.5;    5.3;    6.1;    0;  109;  109;  106;  103;  104;  102;  105;  106;    4.1;    4.3;    0;    0;    1.1;    0.7;    0.9;    0.7;    1.0;    0.9;    0.9;  111;  108;eor                                                            
         5906;20220207;    1.0;    1.0;    0.9;    3.7;    4.1;    4.5;    5.3;    6.2;    0;  103;  105;  105;  104;  104;  103;  104;  104;    3.3;    3.7;    0;    0;    1.0;    0.9;    0.9;    0.9;    1.0;    0.9;    0.9;  109;  107;eor                                                            
         5906;20220208;    0.5;    0.5;    0.2;    4.2;    4.1;    4.2;    5.2;    6.2;    0;  102;  102;  104;  104;  104;  104;  103;  104;    4.0;    4.2;    0;    0;    0.7;    0.5;    0.5;    0.5;    0.5;    0.5;    0.5;  107;  105;eor                                                            
         5906;20220209;    1.1;    1.1;    1.0;    7.1;    6.7;    5.8;    5.3;    6.2;    0;   99;  101;  103;  104;  104;  104;  102;  102;    6.9;    7.1;    0;    0;    0.8;    1.0;    1.0;    1.0;    1.0;    0.9;    1.0;  104;  103;eor                                                            
         5906;20220210;    0.5;    0.5;    0.5;    4.3;    4.7;    5.2;    5.6;    6.2;    0;   97;  101;  103;  104;  104;  104;  102;  101;    4.1;    4.3;    0;    0;    0.9;    0.5;    0.6;    0.5;    0.5;    0.4;    0.5;  103;  102;eor                                                            
         5906;20220211;    0.8;    0.8;    0.3;    3.7;    4.1;    4.7;    5.6;    6.3;    0;  100;  100;  103;  104;  104;  104;  102;  101;    3.3;    3.6;    0;    0;    0.6;    0.4;    0.5;    0.4;    0.8;    0.5;    0.5;  104;  103;eor                                                            
         5906;20220212;    0.9;    0.9;    0.9;    3.0;    3.3;    3.8;    5.3;    6.3;    0;   97;   99;  102;  103;  104;  104;  102;  100;    2.6;    3.0;    0;    0;    0.5;    0.8;    0.8;    0.8;    0.8;    0.8;    0.8;  103;  102;eor                                                            
         5906;20220213;    1.2;    1.3;    1.3;    3.7;    3.7;    4.0;    5.1;    6.3;    0;   94;   98;  102;  103;  104;  104;  101;   99;    3.3;    3.7;    0;    0;    1.0;    1.2;    1.3;    1.2;    1.1;    0.9;    1.1;  102;  101;eor                                                            
         5906;20220214;    0.9;    1.0;    1.1;    4.8;    4.6;    4.5;    5.1;    6.3;    0;   92;   97;  102;  103;  103;  103;  100;   97;    4.9;    4.8;    0;    0;    1.2;    0.9;    1.0;    0.9;    0.8;    0.6;    0.7;  101;  101;eor                                                            
         5906;20220215;    0.8;    0.9;    0.8;    5.8;    5.7;    5.5;    5.3;    6.2;    0;   90;   96;  101;  103;  103;  103;   99;   96;    6.1;    5.7;    0;    0;    1.1;    0.9;    0.9;    0.9;    0.7;    0.5;    0.7;  100;  100;eor                                                            
         5906;20220216;    0.7;    0.7;    0.3;    6.6;    6.2;    5.7;    5.5;    6.2;    0;   89;   95;  101;  103;  103;  103;   99;   95;    6.8;    6.5;    0;    0;    1.1;    0.7;    0.8;    0.7;    0.7;    0.6;    0.6;   99;  100;eor                                                            
         5906;20220217;    1.7;    2.1;    1.1;    8.7;    8.3;    7.4;    6.0;    6.3;    0;   85;   93;  100;  102;  103;  103;   98;   93;    9.6;    8.9;    0;    0;    2.4;    2.0;    2.1;    2.0;    1.6;    1.0;    1.3;   98;   99;eor                                                            
         5906;20220218;    1.5;    1.7;    1.3;    8.1;    7.9;    7.4;    6.5;    6.4;    0;   82;   91;   99;  102;  103;  103;   97;   92;    8.6;    8.5;    0;    0;    2.1;    1.6;    1.7;    1.6;    1.5;    1.1;    1.2;   97;   98;eor                                                            
         5906;20220219;    1.7;    2.1;    1.2;    7.5;    7.5;    7.3;    6.7;    6.5;    0;   79;   89;   99;  102;  103;  103;   96;   90;    7.5;    7.6;    0;    0;    2.3;    2.1;    2.2;    2.1;    1.6;    1.0;    1.2;   95;   98;eor                                                            
         5906;20220220;    0.9;    1.1;    0.8;    7.4;    7.3;    7.1;    6.9;    6.7;    0;   77;   88;   98;  101;  103;  103;   95;   88;    7.5;    7.5;    0;    0;    1.5;    1.2;    1.2;    1.2;    0.9;    0.5;    0.6;   95;   97;eor                                                            
         5906;20220221;    1.6;    1.6;    0.7;    6.1;    6.5;    6.9;    6.9;    6.8;    0;   84;   87;   98;  101;  102;  103;   96;   90;    5.9;    6.1;    0;    0;    1.7;    1.2;    1.4;    1.2;    1.6;    1.4;    1.4;   97;   98;eor                                                            
         5906;20220222;    0.9;    1.1;    0.6;    5.8;    5.8;    6.0;    6.7;    6.9;    0;   82;   86;   97;  101;  102;  103;   95;   89;    5.6;    5.8;    0;    0;    1.3;    1.0;    1.1;    1.0;    0.8;    0.6;    0.7;   96;   98;eor                                                            
         5906;20220223;    1.3;    1.3;    1.4;    7.9;    7.6;    7.0;    6.6;    7.0;    0;   86;   86;   96;  100;  102;  103;   96;   89;    7.8;    7.9;    0;    0;    0.9;    1.2;    1.2;    1.2;    1.3;    1.2;    1.2;   97;   99;eor                                                            
         5906;20220224;    1.4;    1.4;    1.1;    6.9;    7.0;    7.1;    6.9;    7.0;    0;   88;   86;   96;  100;  102;  103;   96;   89;    7.0;    6.9;    0;    0;    1.3;    1.2;    1.3;    1.2;    1.4;    1.3;    1.3;   98;   99;eor                                                            
         5906;20220225;    1.2;    1.2;    0.8;    4.8;    5.3;    6.0;    6.8;    7.1;    0;   86;   85;   95;  100;  102;  103;   95;   88;    4.4;    4.7;    0;    0;    1.0;    0.9;    1.0;    0.9;    1.2;    0.9;    0.9;   97;   99;eor                                                            
         5906;20220226;    1.0;    1.2;    1.1;    5.3;    5.4;    5.7;    6.5;    7.1;    0;   83;   85;   94;  100;  102;  103;   94;   87;    5.3;    5.3;    0;    0;    0.8;    1.2;    1.2;    1.2;    0.9;    0.7;    0.8;   96;   98;eor                                                            
         5906;20220227;    1.4;    1.7;    1.4;    4.5;    4.8;    5.4;    6.4;    7.1;    0;   80;   83;   94;   99;  101;  102;   93;   85;    5.2;    4.5;    0;    0;    1.3;    1.5;    1.6;    1.5;    1.3;    0.8;    1.0;   95;   98;eor                                                            
         5906;20220228;    1.2;    1.5;    1.7;    4.7;    4.8;    5.0;    6.1;    7.1;    0;   77;   82;   93;   99;  101;  102;   92;   84;    5.2;    5.1;    0;    0;    1.2;    1.4;    1.4;    1.4;    1.1;    0.7;    0.8;   94;   97;eor                                                            
         5906;20220301;    1.1;    1.4;    1.6;    5.8;    5.7;    5.6;    6.1;    7.0;    0;   74;   81;   93;   99;  101;  102;   92;   82;    5.9;    6.0;    0;    0;    1.2;    1.3;    1.4;    1.3;    1.0;    0.6;    0.8;   93;   96;eor                                                            
         5906;20220302;    0.5;    0.7;    1.0;    4.5;    4.9;    5.6;    6.2;    6.9;    0;   74;   80;   93;   98;  101;  102;   91;   81;    4.3;    4.6;    0;    0;    0.8;    0.6;    0.7;    0.6;    0.5;    0.3;    0.4;   93;   96;eor                                                            
         5906;20220303;    1.1;    1.4;    1.6;    4.8;    4.8;    5.0;    6.0;    6.9;    0;   71;   79;   92;   98;  101;  102;   90;   80;    4.4;    4.9;    0;    0;    1.1;    1.3;    1.4;    1.3;    1.1;    0.6;    0.7;   92;   96;eor                                                            
         5906;20220304;    1.2;    1.6;    1.6;    5.4;    5.4;    5.4;    6.0;    6.9;    0;   68;   78;   91;   98;  100;  102;   90;   79;    5.2;    5.5;    0;    0;    1.4;    1.5;    1.6;    1.5;    1.1;    0.6;    0.8;   91;   95;eor                                                            
         5906;20220305;    1.1;    1.5;    1.4;    4.9;    5.0;    5.4;    6.0;    6.8;    0;   66;   76;   91;   98;  100;  102;   89;   77;    4.8;    4.9;    0;    0;    1.2;    1.4;    1.4;    1.4;    1.1;    0.6;    0.7;   90;   95;eor                                                            
         5906;20220306;    1.5;    1.9;    1.5;    5.1;    5.1;    5.3;    6.0;    6.8;    0;   63;   74;   90;   97;  100;  102;   88;   76;    5.2;    5.1;    0;    0;    1.7;    1.8;    1.8;    1.8;    1.4;    0.7;    0.9;   89;   94;eor                                                            
         5906;20220307;    1.3;    1.7;    1.2;    4.9;    5.2;    5.5;    6.0;    6.8;    0;   60;   73;   90;   97;  100;  101;   87;   74;    5.2;    4.9;    0;    0;    1.7;    1.6;    1.7;    1.6;    1.3;    0.6;    0.8;   88;   93;eor                                                            
         5906;20220308;    1.6;    2.1;    2.0;    4.6;    4.7;    5.0;    5.9;    6.8;    0;   57;   71;   89;   97;  100;  101;   86;   72;    4.6;    4.6;    0;    0;    1.7;    1.8;    1.9;    1.8;    1.5;    0.7;    0.8;   87;   93;eor                                                            
         5906;20220309;    1.3;    1.7;    2.2;    5.5;    5.4;    5.3;    5.8;    6.7;    0;   54;   69;   89;   96;   99;  101;   85;   71;    5.7;    5.8;    0;    0;    1.3;    1.6;    1.6;    1.6;    1.2;    0.6;    0.7;   86;   92;eor                                                            
         5906;20220310;    1.8;    2.4;    2.8;    7.4;    7.1;    6.5;    6.3;    6.8;    0;   50;   67;   88;   96;   99;  101;   84;   68;    7.0;    7.4;    0;    0;    1.8;    2.3;    2.4;    2.3;    1.7;    0.8;    1.0;   85;   92;eor                                                            
         5906;20220311;    1.8;    2.4;    2.3;    8.4;    8.1;    7.5;    6.6;    6.8;    0;   46;   64;   88;   96;   99;  101;   82;   66;    8.9;    8.8;    0;    0;    2.3;    2.4;    2.5;    2.4;    1.7;    0.9;    1.0;   84;   91;eor                                                            
         5906;20220312;    1.4;    1.9;    2.0;    9.8;    9.3;    8.4;    7.1;    6.9;    0;   43;   62;   87;   96;   99;  101;   81;   65;   10.2;   10.1;    0;    0;    1.6;    1.9;    1.9;    1.9;    1.4;    0.6;    0.8;   83;   90;eor                                                            
         5906;20220313;    1.4;    2.0;    2.6;    9.6;    9.3;    8.8;    7.5;    7.0;    0;   40;   60;   87;   95;   99;  101;   80;   63;   10.0;   10.6;    0;    0;    1.6;    1.9;    2.0;    1.9;    1.3;    0.6;    0.8;   82;   90;eor                                                            
         5906;20220314;    1.7;    1.7;    1.4;    9.5;    9.5;    9.1;    7.9;    7.2;    0;   40;   58;   86;   95;   98;  101;   80;   63;    9.8;   10.0;    0;    0;    1.5;    1.3;    1.4;    1.3;    1.6;    1.4;    1.4;   82;   90;eor                                                            
         5906;20220315;    0.3;    0.3;    0.1;    7.1;    7.5;    8.1;    8.0;    7.4;    0;   78;   61;   85;   95;   98;  100;   86;   74;    7.0;    7.3;    0;    0;    0.6;    0.3;    0.3;    0.3;    0.3;    0.3;    0.3;   94;   97;eor                                                            
         5906;20220316;    0.9;    1.1;    1.3;    8.6;    8.3;    7.9;    7.8;    7.5;    0;   74;   62;   84;   95;   98;  100;   86;   73;    8.8;    8.7;    0;    0;    1.3;    1.1;    1.2;    1.1;    0.8;    1.1;    1.1;   93;   96;eor                                                            
         5906;20220317;    0.7;    0.8;    0.4;    8.2;    8.3;    8.3;    7.9;    7.6;    0;   72;   63;   84;   95;   98;  100;   85;   72;    8.0;    8.2;    0;    0;    1.2;    0.8;    0.9;    0.8;    0.7;    0.7;    0.7;   92;   95;eor                                                            
         5906;20220318;    1.7;    2.2;    1.8;    9.0;    8.8;    8.4;    7.9;    7.7;    0;   67;   62;   83;   94;   98;  100;   84;   70;    9.6;    9.2;    0;    0;    2.1;    2.0;    2.1;    2.0;    1.6;    1.2;    1.4;   91;   94;eor                                                            
         5906;20220319;    2.3;    3.0;    2.3;    8.8;    8.7;    8.5;    8.0;    7.7;    0;   61;   60;   82;   94;   98;  100;   82;   67;    9.1;    9.2;    0;    0;    2.8;    2.7;    2.8;    2.7;    2.1;    1.3;    1.6;   89;   93;eor                                                            
         5906;20220320;    1.7;    2.2;    2.0;    9.3;    9.0;    8.6;    8.1;    7.8;    0;   57;   59;   81;   94;   97;  100;   81;   65;    9.4;    9.6;    0;    0;    2.5;    2.2;    2.3;    2.2;    1.6;    1.0;    1.2;   88;   92;eor                                                            
         5906;20220321;    1.5;    2.0;    2.5;   11.2;   10.6;    9.6;    8.3;    7.9;    0;   54;   57;   80;   93;   97;  100;   80;   64;   11.4;   11.4;    0;    0;    2.0;    2.0;    2.1;    2.0;    1.4;    0.9;    1.0;   86;   92;eor                                                            
         5906;20220322;    1.5;    2.0;    2.7;   11.1;   10.9;   10.3;    8.8;    8.0;    0;   50;   56;   80;   93;   97;  100;   79;   62;   11.2;   11.3;    0;    0;    1.8;    1.9;    2.0;    1.9;    1.4;    0.8;    1.0;   85;   91;eor                                                            
         5906;20220323;    1.8;    2.4;    3.3;   10.9;   10.7;   10.2;    9.1;    8.1;    0;   46;   54;   79;   93;   97;   99;   78;   60;   11.0;   11.1;    0;    0;    2.0;    2.2;    2.3;    2.2;    1.7;    0.9;    1.1;   84;   90;eor                                                            
         5906;20220324;    1.9;    2.6;    3.6;   11.0;   10.8;   10.4;    9.3;    8.3;    0;   42;   51;   78;   93;   97;   99;   77;   58;   11.4;   11.2;    0;    0;    2.1;    2.4;    2.5;    2.4;    1.7;    0.9;    1.1;   83;   89;eor                                                            
         5906;20220325;    2.0;    2.7;    3.8;   11.0;   10.8;   10.4;    9.4;    8.4;    0;   37;   49;   78;   92;   97;   99;   75;   56;   11.4;   11.2;    0;    0;    2.4;    2.6;    2.7;    2.6;    1.3;    1.0;    1.2;   82;   89;eor                                                            
         5906;20220326;    2.5;    3.4;    3.8;   11.6;   11.3;   10.8;    9.6;    8.5;    0;   31;   46;   77;   92;   96;   99;   74;   55;   12.1;   12.1;    0;    0;    3.0;    3.2;    3.3;    3.2;    1.3;    1.1;    1.4;   80;   88;eor                                                            
         5906;20220327;    2.0;    2.8;    3.5;   13.0;   12.5;   11.5;    9.8;    8.7;    0;   27;   43;   76;   92;   96;   99;   72;   54;   13.3;   13.5;    0;    0;    2.5;    2.7;    2.8;    2.7;    0.9;    0.9;    1.1;   79;   87;eor                                                            
         5906;20220328;    1.8;    2.5;    3.6;   13.5;   13.1;   12.2;   10.2;    8.8;    0;   23;   41;   76;   92;   96;   99;   71;   53;   13.5;   14.0;    0;    0;    2.2;    2.3;    2.4;    2.3;    0.7;    0.8;    0.9;   78;   86;eor                                                            
         5906;20220329;    1.4;    2.0;    2.3;   14.0;   13.7;   12.8;   10.7;    9.0;    0;   20;   39;   75;   91;   96;   99;   70;   52;   13.8;   14.4;    0;    0;    1.9;    1.9;    2.0;    1.9;    0.4;    0.7;    0.8;   77;   86;eor                                                            
         5906;20220330;    1.1;    1.1;    0.7;   10.6;   11.2;   11.8;   11.0;    9.2;    0;   31;   38;   75;   91;   96;   98;   71;   55;   10.2;   10.7;    0;    0;    1.1;    0.8;    0.9;    0.8;    0.9;    0.9;    0.9;   81;   88;eor                                                            
         5906;20220331;    1.0;    1.0;    0.6;    8.4;    8.9;    9.8;   10.5;    9.4;    0;   30;   37;   74;   91;   96;   98;   71;   55;    8.1;    8.5;    0;    0;    1.1;    0.8;    0.9;    0.8;    0.8;    0.8;    0.8;   81;   88;eor                                                            
         5906;20220401;    0.6;    0.6;    0.2;    4.6;    5.8;    7.8;    9.8;    9.5;    0;   36;   37;   74;   91;   96;   98;   72;   56;    4.1;    4.6;    0;    0;    0.7;    0.4;    0.6;    0.4;    0.5;    0.6;    0.6;   83;   89;eor                                                            
         5906;20220402;    0.8;    1.0;    1.1;    3.7;    4.3;    5.8;    8.8;    9.4;    0;   34;   37;   74;   91;   95;   98;   72;   56;    3.3;    3.7;    0;    0;    1.2;    0.8;    0.9;    0.8;    0.7;    0.5;    0.6;   82;   89;eor                                                            
         5906;20220403;    1.3;    1.8;    2.0;    5.4;    5.5;    6.0;    8.0;    9.3;    0;   31;   35;   73;   91;   95;   98;   71;   54;    5.5;    5.4;    0;    0;    1.8;    1.6;    1.7;    1.6;    1.1;    0.7;    0.8;   81;   88;eor                                                            
         5906;20220404;    1.8;    2.5;    2.4;    5.8;    5.8;    6.1;    7.6;    9.0;    0;   27;   33;   72;   91;   95;   98;   69;   53;    6.4;    6.3;    0;    0;    2.3;    2.2;    2.3;    2.2;    1.4;    0.9;    1.0;   80;   87;eor                                                            
         5906;20220405;    1.3;    1.3;    0.7;    6.7;    6.7;    6.9;    7.6;    8.8;    0;   40;   33;   72;   91;   95;   98;   71;   56;    6.6;    6.8;    0;    0;    1.1;    0.8;    1.0;    0.8;    1.2;    1.0;    1.0;   84;   90;eor                                                            
         5906;20220406;    2.4;    2.5;    2.2;    9.9;    9.3;    8.3;    7.8;    8.6;    0;   35;   31;   71;   91;   95;   98;   70;   54;   10.5;   10.1;    0;    0;    2.5;    2.2;    2.3;    2.2;    2.2;    1.8;    1.8;   83;   89;eor                                                            
         5906;20220407;    2.2;    2.2;    1.4;    9.4;    9.4;    9.1;    8.3;    8.5;    0;   36;   30;   70;   90;   95;   98;   70;   54;    9.3;    9.5;    0;    0;    2.5;    1.8;    2.1;    1.8;    2.0;    2.1;    2.1;   83;   89;eor                                                            
         5906;20220408;    0.8;    0.8;    0.3;    5.9;    6.7;    7.8;    8.4;    8.5;    0;  110;  111;   95;   90;   95;   97;  100;  105;    5.6;    5.9;    0;    0;    1.0;    0.8;    1.0;    0.8;    0.8;    1.0;    1.0;  134;  117;eor                                                            
         5906;20220409;    2.2;    2.2;    1.7;    6.7;    6.5;    6.6;    7.9;    8.5;    0;  102;  104;  101;   91;   94;   97;   98;  103;    6.1;    6.4;    0;    0;    1.8;    1.9;    1.8;    1.9;    2.2;    1.8;    1.8;  127;  113;eor                                                            
         5906;20220410;    1.3;    1.3;    1.3;    7.1;    7.1;    7.1;    7.7;    8.5;    0;  104;  103;  100;   93;   94;   97;   98;  103;    6.8;    7.0;    0;    0;    1.3;    1.1;    1.2;    1.1;    1.3;    1.1;    1.2;  122;  110;eor                                                            
         5906;20220411;    3.1;    3.2;    3.4;   10.6;    9.7;    8.5;    7.8;    8.4;    0;   95;   99;   99;   93;   94;   97;   96;   99;   11.1;   10.8;    0;    0;    2.6;    3.0;    3.0;    3.0;    3.0;    2.7;    2.7;  114;  106;eor                                                            
         5906;20220412;    3.2;    3.7;    5.6;   15.0;   13.7;   11.4;    8.5;    8.4;    0;   86;   95;   97;   94;   94;   97;   94;   95;   15.1;   15.3;    0;    0;    2.8;    3.4;    3.5;    3.4;    3.0;    2.1;    2.4;  107;  102;eor                                                            
         5906;20220413;    2.7;    3.3;    5.5;   16.9;   15.9;   13.7;    9.7;    8.4;    0;   80;   91;   96;   94;   94;   97;   92;   92;   17.2;   17.2;    0;    0;    2.9;    3.1;    3.2;    3.1;    2.6;    1.6;    1.8;  102;  100;eor                                                            
         5906;20220414;    2.4;    3.0;    3.2;   16.4;   15.9;   14.5;   10.8;    8.7;    0;   74;   88;   95;   94;   94;   97;   90;   89;   16.9;   16.6;    0;    0;    2.7;    2.6;    2.7;    2.6;    2.2;    1.3;    1.5;   99;   98;eor                                                            
         5906;20220415;    3.1;    4.0;    4.3;   16.4;   15.9;   14.7;   11.5;    9.0;    0;   67;   84;   94;   93;   94;   97;   88;   85;   17.1;   16.9;    0;    0;    3.3;    3.5;    3.7;    3.5;    3.0;    1.8;    2.0;   96;   96;eor                                                            
         5906;20220416;    2.8;    3.6;    3.6;   14.7;   14.7;   14.2;   11.9;    9.4;    0;   61;   80;   93;   93;   94;   97;   86;   82;   14.6;   15.2;    0;    0;    3.4;    3.2;    3.4;    3.2;    2.6;    1.7;    1.9;   93;   95;eor                                                            
         5906;20220417;    2.8;    3.8;    4.3;   14.8;   14.5;   13.8;   12.0;    9.7;    0;   54;   76;   92;   93;   94;   96;   84;   78;   14.5;   15.2;    0;    0;    3.4;    3.4;    3.7;    3.4;    2.7;    1.8;    2.0;   91;   93;eor                                                            
         5906;20220418;    2.6;    3.4;    4.5;   15.5;   15.1;   14.2;   12.2;   10.0;    0;   49;   72;   91;   93;   94;   96;   83;   75;   14.9;   15.9;    0;    0;    3.2;    3.1;    3.4;    3.1;    2.4;    1.8;    1.9;   89;   92;eor                                                            
         5906;20220419;    2.9;    3.9;    4.6;   15.9;   15.5;   14.6;   12.4;   10.2;    0;   42;   68;   90;   92;   94;   96;   81;   72;   15.7;   16.3;    0;    0;    3.5;    3.5;    3.9;    3.5;    2.7;    2.1;    2.2;   86;   90;eor                                                            
         5906;20220420;    2.9;    4.0;    4.0;   15.2;   15.0;   14.6;   12.7;   10.4;    0;   36;   64;   89;   92;   94;   96;   79;   69;   15.2;   15.5;    0;    0;    3.7;    3.5;    3.9;    3.5;    2.1;    2.2;    2.3;   83;   88;eor                                                            
         5906;20220421;    2.2;    3.0;    3.1;   14.6;   14.5;   14.2;   12.8;   10.7;    0;   31;   61;   89;   92;   94;   96;   77;   67;   14.7;   14.9;    0;    0;    2.9;    2.7;    3.0;    2.7;    1.2;    1.7;    1.8;   80;   87;eor                                                            
         5906;20220422;    2.7;    3.7;    3.9;   15.3;   14.9;   14.3;   12.8;   10.8;    0;   25;   57;   88;   91;   94;   96;   75;   66;   15.4;   15.6;    0;    0;    3.5;    3.3;    3.7;    3.3;    1.3;    2.2;    2.3;   77;   85;eor                                                            
         5906;20220423;    1.8;    2.6;    2.4;   14.9;   14.8;   14.4;   12.9;   11.0;    0;   21;   55;   88;   91;   93;   96;   74;   64;   15.0;   15.2;    0;    0;    2.7;    2.2;    2.6;    2.2;    0.9;    1.6;    1.7;   75;   84;eor                                                            
         5906;20220424;    1.0;    1.0;    1.4;   12.3;   12.8;   13.4;   12.9;   11.1;    0;   21;   53;   87;   91;   93;   96;   74;   64;   12.3;   12.4;    0;    0;    1.2;    0.8;    1.1;    0.8;    0.8;    1.1;    1.1;   75;   84;eor                                                            
         5906;20220425;    1.9;    2.7;    2.3;   13.5;   13.1;   12.8;   12.5;   11.2;    0;   17;   51;   87;   91;   93;   96;   72;   63;   13.6;   13.8;    0;    0;    2.5;    2.5;    2.7;    2.5;    1.0;    1.7;    1.8;   73;   83;eor                                                            
         5906;20220426;    1.9;    1.9;    1.5;   13.2;   13.3;   13.3;   12.5;   11.3;    0;   20;   49;   86;   91;   93;   96;   73;   63;   13.4;   13.4;    0;    0;    1.8;    1.6;    2.0;    1.6;    1.9;    2.0;    2.0;   73;   83;eor                                                            
         5906;20220427;    1.9;    2.7;    3.0;   14.9;   14.3;   13.5;   12.4;   11.3;    0;   16;   46;   86;   91;   93;   96;   71;   61;   15.5;   15.2;    0;    0;    2.8;    2.6;    2.8;    2.6;    1.4;    1.9;    2.0;   71;   81;eor                                                            
         5906;20220428;    2.7;    4.1;    5.3;   16.2;   15.5;   14.5;   12.7;   11.3;    0;   10;   42;   85;   90;   93;   96;   69;   60;   16.9;   16.6;    0;    0;    3.6;    3.8;    4.2;    3.8;    1.4;    2.9;    3.0;   67;   79;eor                                                            
         5906;20220429;    2.0;    3.4;    4.5;   17.0;   16.4;   15.4;   13.1;   11.4;    0;    7;   38;   84;   90;   93;   95;   68;   59;   17.2;   17.4;    0;    0;    3.2;    3.0;    3.6;    3.0;    0.7;    2.5;    2.6;   64;   78;eor                                                            
         5906;20220430;    1.1;    1.1;    0.4;   12.7;   13.5;   14.3;   13.5;   11.5;    0;   46;   38;   84;   90;   93;   95;   74;   70;   12.2;   12.7;    0;    0;    1.0;    0.6;    1.3;    0.6;    1.0;    1.3;    1.3;   75;   84;eor                                                            
         5906;20220501;    1.3;    1.7;    1.4;   14.2;   13.8;   13.4;   13.0;   11.7;    0;   42;   37;   83;   90;   93;   95;   73;   68;   14.3;   14.3;    0;    0;    2.0;    1.6;    1.8;    1.6;    1.3;    1.4;    1.5;   73;   83;eor                                                            
         5906;20220502;    2.1;    2.8;    3.4;   15.9;   15.3;   14.4;   13.0;   11.7;    0;   37;   35;   82;   90;   92;   95;   72;   65;   16.8;   16.2;    0;    0;    2.8;    2.6;    3.0;    2.5;    2.0;    2.3;    2.4;   71;   81;eor                                                            
         5906;20220503;    2.2;    3.0;    3.6;   17.8;   17.2;   15.9;   13.4;   11.8;    0;   32;   33;   81;   90;   92;   95;   70;   63;   18.0;   18.1;    0;    0;    2.9;    2.6;    3.2;    2.5;    2.1;    2.4;    2.5;   68;   80;eor                                                            
         5906;20220504;    3.3;    3.3;    4.4;   18.6;   18.1;   16.8;   14.0;   11.9;    0;   37;   30;   80;   89;   92;   95;   71;   63;   19.0;   18.8;    0;    0;    3.1;    2.9;    3.5;    2.8;    3.3;    3.5;    3.5;   68;   80;eor                                                            
         5906;20220505;    1.3;    1.3;    1.2;   14.7;   15.1;   15.6;   14.4;   12.0;    0;   35;   30;   79;   89;   92;   95;   70;   62;   14.5;   14.8;    0;    0;    1.4;    1.1;    1.5;    1.0;    1.3;    1.5;    1.5;   66;   79;eor                                                            
         5906;20220506;    3.2;    4.4;    4.4;   17.8;   17.0;   15.7;   14.1;   12.2;    0;   27;   26;   78;   89;   92;   95;   68;   58;   18.3;   18.1;    0;    0;    3.8;    4.0;    4.6;    3.7;    3.1;    3.7;    3.8;   62;   76;eor                                                            
         5906;20220507;    3.0;    4.1;    5.0;   19.2;   18.4;   17.1;   14.5;   12.3;    0;   20;   22;   77;   89;   92;   95;   66;   56;   19.4;   19.4;    0;    0;    4.0;    3.7;    4.4;    3.5;    1.7;    3.5;    3.6;   58;   74;eor                                                            
         5906;20220508;    3.4;    3.4;    4.6;   18.2;   18.1;   17.5;   15.0;   12.5;    0;   24;   20;   76;   89;   92;   95;   66;   57;   18.8;   18.4;    0;    0;    3.1;    2.8;    3.7;    2.7;    2.8;    3.7;    3.7;   57;   73;eor                                                            
         5906;20220509;    3.1;    4.3;    4.7;   20.2;   19.3;   17.8;   15.2;   12.7;    0;   16;   16;   75;   88;   91;   94;   64;   55;   20.8;   20.5;    0;    0;    4.2;    4.0;    4.5;    3.8;    1.4;    3.7;    3.8;   53;   71;eor                                                            
         5906;20220510;    2.8;    4.5;    4.6;   20.1;   19.6;   18.5;   15.7;   12.9;    0;   10;   12;   74;   88;   91;   94;   62;   54;   20.5;   20.3;    0;    0;    3.7;    4.0;    4.8;    3.8;    0.7;    3.8;    4.1;   49;   68;eor                                                            
         5906;20220511;    3.3;    7.0;    7.0;   21.5;   20.7;   19.2;   16.1;   13.1;    0;    5;    8;   72;   88;   91;   94;   60;   53;   22.3;   22.1;    0;    0;    5.9;    5.7;    7.7;    5.6;    1.2;    4.2;    6.8;   44;   64;eor                                                            
         5906;20220512;    1.6;    5.4;    4.5;   21.4;   20.9;   19.8;   16.6;   13.4;    0;    3;    5;   71;   87;   91;   94;   59;   52;   21.4;   21.9;    0;    0;    5.1;    4.5;    5.8;    4.5;    0.6;    2.3;    4.9;   42;   60;eor                                                            
         5906;20220513;    1.1;    5.6;    5.5;   21.8;   21.3;   20.1;   16.9;   13.6;    0;    1;    4;   70;   87;   91;   94;   58;   52;   21.4;   22.3;    0;    0;    5.1;    4.7;    6.0;    4.6;    0.6;    2.0;    5.2;   40;   57;eor                                                            
         5906;20220514;    0.8;    4.7;    5.5;   22.1;   21.4;   20.1;   17.2;   13.9;    0;    0;    3;   69;   87;   90;   94;   57;   51;   22.0;   22.5;    0;    0;    4.4;    4.1;    5.2;    4.0;    0.5;    1.3;    4.2;   38;   54;eor                                                            
         5906;20220515;    0.7;    4.9;    7.0;   23.1;   22.4;   20.9;   17.6;   14.1;    0;    0;    2;   68;   86;   90;   94;   57;   50;   23.5;   23.5;    0;    0;    4.9;    4.6;    5.8;    4.6;    0.5;    1.2;    4.2;   37;   52;eor                                                            
         5906;20220516;    0.7;    3.6;    2.6;   21.4;   21.3;   20.8;   18.0;   14.4;    0;    0;    2;   68;   86;   90;   94;   56;   50;   21.6;   21.7;    0;    0;    3.5;    3.2;    4.3;    3.1;    0.6;    1.1;    2.9;   36;   50;eor                                                            
         5906;20220517;    0.6;    4.8;    6.4;   23.3;   22.3;   20.8;   18.0;   14.7;    0;    0;    2;   67;   86;   90;   93;   56;   49;   24.0;   23.6;    0;    0;    4.5;    4.4;    5.5;    4.3;    0.5;    1.1;    2.8;   35;   48;eor                                                            
         5906;20220518;    0.8;    5.9;    7.0;   24.2;   23.4;   21.9;   18.4;   14.9;    0;    0;    2;   66;   85;   90;   93;   55;   48;   25.1;   24.5;    0;    0;    5.5;    5.5;    7.0;    5.4;    0.7;    1.4;    3.0;   34;   46;eor                                                            
         5906;20220519;    0.8;    6.3;    7.0;   24.7;   23.9;   22.5;   18.9;   15.1;    0;    0;    1;   64;   85;   89;   93;   55;   48;   25.9;   25.2;    0;    0;    5.6;    5.8;    7.4;    5.7;    0.7;    1.5;    3.0;   33;   44;eor                                                            
         5906;20220520;    0.6;    5.1;    6.0;   24.5;   23.9;   22.8;   19.3;   15.4;    0;    0;    1;   63;   85;   89;   93;   54;   47;   25.6;   25.4;    0;    0;    4.7;    4.7;    6.1;    4.6;    0.6;    1.3;    2.4;   31;   43;eor                                                            
         5906;20220521;    0.5;    4.1;    4.7;   21.8;   21.8;   21.7;   19.5;   15.7;    0;    0;    1;   63;   84;   89;   93;   54;   46;   22.4;   22.7;    0;    0;    4.0;    3.6;    4.8;    3.5;    0.4;    1.0;    1.8;   31;   42;eor                                                            
         5906;20220522;    0.6;    4.7;    6.0;   23.0;   22.2;   21.3;   19.3;   15.9;    0;    0;    1;   62;   84;   89;   93;   54;   46;   23.8;   23.9;    0;    0;    4.4;    4.3;    5.6;    4.2;    0.6;    1.3;    2.0;   30;   41;eor                                                            
         5906;20220523;    2.4;    4.1;    3.0;   22.3;   22.2;   21.6;   19.3;   16.1;    0;    6;    1;   61;   84;   89;   93;   56;   49;   22.3;   22.7;    0;    0;    3.7;    3.3;    5.0;    3.5;    2.7;    2.8;    3.1;   32;   42;eor                                                            
         5906;20220524;    1.3;    4.4;    4.1;   19.7;   20.1;   20.4;   19.2;   16.2;    0;    4;    1;   60;   84;   89;   92;   55;   48;   19.6;   20.1;    0;    0;    4.0;    3.7;    4.9;    3.7;    1.1;    2.4;    2.6;   30;   40;eor                                                            
         5906;20220525;    0.8;    5.0;    5.0;   20.1;   19.9;   19.6;   18.8;   16.3;    0;    2;    1;   59;   83;   88;   92;   54;   47;   20.5;   20.6;    0;    0;    4.5;    4.6;    5.5;    4.7;    0.6;    1.6;    2.3;   28;   39;eor                                                            
         5906;20220526;    0.6;    4.0;    4.6;   19.9;   19.9;   19.6;   18.6;   16.3;    0;    1;    1;   58;   83;   88;   92;   54;   46;   20.0;   20.4;    0;    0;    3.8;    3.6;    4.5;    3.8;    0.5;    1.1;    1.6;   27;   38;eor                                                            
         5906;20220527;    0.4;    3.3;    2.6;   18.4;   18.7;   18.9;   18.4;   16.3;    0;    1;    1;   57;   83;   88;   92;   54;   46;   18.1;   18.7;    0;    0;    3.2;    2.9;    3.6;    3.1;    0.4;    0.9;    1.1;   26;   38;eor                                                            
         5906;20220528;    0.8;    3.3;    3.4;   17.4;   17.7;   18.0;   18.0;   16.3;    0;    0;    1;   56;   83;   88;   92;   54;   46;   17.2;   17.7;    0;    0;    3.2;    3.0;    3.7;    3.2;    0.8;    1.2;    1.4;   26;   37;eor                                                            
         5906;20220529;    2.5;    3.7;    3.4;   17.6;   17.7;   17.7;   17.6;   16.2;    0;   10;    1;   56;   83;   88;   92;   55;   48;   18.2;   18.0;    0;    0;    3.6;    3.3;    4.2;    3.7;    2.8;    2.5;    2.3;   28;   38;eor                                                            
         5906;20220530;    1.3;    3.7;    3.9;   17.8;   17.7;   17.6;   17.3;   16.1;    0;    6;    2;   55;   82;   88;   92;   54;   46;   18.2;   18.2;    0;    0;    3.8;    3.6;    4.0;    3.9;    1.4;    2.0;    1.7;   26;   37;eor                                                            
